-1.623949170112609863e+00
5.852922201156616211e-01
2.658487856388092041e-01
-4.838418364524841309e-01
3.639867603778839111e-01
1.280125260353088379e+00
9.553982615470886230e-01
1.044707775115966797e+00
-4.398049712181091309e-01
8.669027686119079590e-01
2.602192759513854980e-01
-1.498383283615112305e+00
7.779102325439453125e-01
9.824219346046447754e-02
-1.663726717233657837e-01
1.050288200378417969e+00
-2.192655205726623535e-01
-1.537421822547912598e+00
6.983748674392700195e-01
3.361960649490356445e-01
5.139166116714477539e-01
4.541213214397430420e-01
-1.525771617889404297e-01
-1.273059725761413574e+00
-4.824493825435638428e-01
3.821468353271484375e-01
1.416152119636535645e+00
-1.687213927507400513e-01
-6.297975778579711914e-01
2.506327349692583084e-03
-1.248281374573707581e-01
5.122985243797302246e-01
1.947361603379249573e-02
6.728174090385437012e-01
4.980767965316772461e-01
8.222287148237228394e-02
-1.460873365402221680e+00
5.730514600872993469e-02
1.040486454963684082e+00
4.481545984745025635e-01
-1.388480544090270996e+00
8.008902072906494141e-01
-1.717618584632873535e+00
-1.056335344910621643e-01
-2.437551170587539673e-01
-1.574123501777648926e+00
6.056741476058959961e-01
-7.185120582580566406e-01
4.117158800363540649e-02
5.499176979064941406e-01
5.795375704765319824e-01
-1.370703697204589844e+00
7.017007470130920410e-01
4.147329330444335938e-01
1.267538785934448242e+00
9.135513901710510254e-01
-1.306975126266479492e+00
-5.677707195281982422e-01
1.976269334554672241e-01
5.030042529106140137e-01
-2.817606925964355469e-01
-2.915768325328826904e-01
