5.077919483184814453e+00 -4.721312046051025391e+00
-1.425449401140213013e-01 1.664755344390869141e-01
5.846045613288879395e-01 -4.395450651645660400e-01
-1.730381608009338379e+00 1.852272868156433105e+00
-1.428430080413818359e+00 1.333025574684143066e+00
-1.883411884307861328e+00 1.971315383911132812e+00
-2.022340774536132812e+00 2.027153491973876953e+00
2.920492649078369141e+00 -2.581094026565551758e+00
3.385154604911804199e-01 -1.304396688938140869e-01
-1.525111794471740723e+00 1.558903098106384277e+00
-2.041187524795532227e+00 1.954713463783264160e+00
-1.219622641801834106e-01 1.232296824455261230e-01
2.863296508789062500e+00 -2.476582765579223633e+00
7.356861829757690430e-01 -5.638776421546936035e-01
-3.171044349670410156e+00 3.149317979812622070e+00
-1.277490615844726562e+00 1.423182010650634766e+00
-2.204938977956771851e-01 3.213451206684112549e-01
1.239794343709945679e-01 -6.042677909135818481e-02
-2.724375247955322266e+00 2.667296648025512695e+00
4.113702774047851562e+00 -3.807413101196289062e+00
8.282898366451263428e-02 -2.008306235074996948e-02
-1.087239623069763184e+00 1.136435151100158691e+00
-6.890454888343811035e-01 6.952366232872009277e-01
-2.643865942955017090e-01 2.526763975620269775e-01
-1.647568106651306152e+00 1.566714644432067871e+00
3.546166419982910156e-01 -2.038628160953521729e-01
-1.959179759025573730e+00 1.987084984779357910e+00
6.573188304901123047e+00 -6.090411663055419922e+00
-3.580130338668823242e-01 5.446402430534362793e-01
-1.102961897850036621e+00 1.136946558952331543e+00
-2.557373523712158203e+00 2.572437047958374023e+00
5.474516391754150391e+00 -5.038525104522705078e+00
2.410416603088378906e+00 -2.128735065460205078e+00
-2.416959255933761597e-01 2.547927796840667725e-01
5.151770591735839844e+00 -4.820099830627441406e+00
2.719295978546142578e+00 -2.422761201858520508e+00
-2.912056207656860352e+00 2.771939992904663086e+00
3.262952327728271484e+00 -3.005119800567626953e+00
3.839657902717590332e-01 -3.156038820743560791e-01
4.948400259017944336e-01 -2.754115462303161621e-01
-1.506890058517456055e+00 1.525436043739318848e+00
4.005451679229736328e+00 -3.603999614715576172e+00
-1.886234164237976074e+00 1.848184108734130859e+00
5.710938572883605957e-01 -4.587087333202362061e-01
-2.703798770904541016e+00 2.708436727523803711e+00
2.122099399566650391e+00 -1.828728199005126953e+00
-3.260334968566894531e+00 3.044427871704101562e+00
-1.063658595085144043e+00 1.217248797416687012e+00
-5.694088339805603027e-01 6.314224600791931152e-01
-2.198982954025268555e+00 2.160518884658813477e+00
-2.468920946121215820e+00 2.511382818222045898e+00
-1.499115347862243652e+00 1.434265851974487305e+00
-1.794247031211853027e+00 1.916235208511352539e+00
-1.296807408332824707e+00 1.232370018959045410e+00
-2.484987825155258179e-01 2.887561023235321045e-01
-6.018721461296081543e-01 6.174169182777404785e-01
3.822643041610717773e+00 -3.503982782363891602e+00
-1.635484248399734497e-01 2.066287100315093994e-01
1.137572288513183594e+00 -9.967473745346069336e-01
9.346414208412170410e-01 -8.315287828445434570e-01
-2.394154310226440430e+00 2.263162136077880859e+00
2.066116571426391602e+00 -1.882221579551696777e+00
-3.400681972503662109e+00 3.286096811294555664e+00
-2.496278762817382812e+00 2.430792331695556641e+00
-2.484105110168457031e+00 2.273124217987060547e+00
5.188756808638572693e-02 -2.124094218015670776e-02
1.568062901496887207e+00 -1.414571404457092285e+00
-1.115065336227416992e+00 1.159082174301147461e+00
-9.174427390098571777e-02 8.922450989484786987e-02
3.951306343078613281e+00 -3.527206420898437500e+00
-3.115586996078491211e+00 3.052336454391479492e+00
-2.254771232604980469e+00 2.117208003997802734e+00
-1.099197030067443848e+00 1.146381974220275879e+00
3.281871080398559570e-01 -2.412928640842437744e-01
-2.853516578674316406e+00 2.777387619018554688e+00
-3.180516004562377930e+00 3.047390222549438477e+00
7.049193978309631348e-01 -6.810330748558044434e-01
2.873722314834594727e+00 -2.555320024490356445e+00
-2.377555221319198608e-01 4.676882922649383545e-01
4.071280956268310547e-01 -2.139582931995391846e-01
-1.217171311378479004e+00 1.243998646736145020e+00
2.172171115875244141e+00 -1.895278334617614746e+00
4.197076797485351562e+00 -3.841100454330444336e+00
-3.718357682228088379e-01 3.785653114318847656e-01
1.502569794654846191e+00 -1.189252972602844238e+00
3.758790493011474609e+00 -3.416900873184204102e+00
1.190451383590698242e+00 -9.973605871200561523e-01
-1.351716518402099609e-01 2.232585549354553223e-01
5.437111854553222656e-01 -4.152927100658416748e-01
-7.211676239967346191e-01 7.234160900115966797e-01
-2.702041149139404297e+00 2.606736183166503906e+00
-1.500573277473449707e+00 1.538516759872436523e+00
-7.298822999000549316e-01 7.716376781463623047e-01
5.283094406127929688e+00 -4.819169521331787109e+00
-1.468415141105651855e+00 1.408532619476318359e+00
4.789426326751708984e+00 -4.443579196929931641e+00
-1.260763406753540039e+00 1.294265031814575195e+00
1.476628184318542480e+00 -1.349162459373474121e+00
4.653378963470458984e+00 -4.276905059814453125e+00
-6.131914258003234863e-01 6.271739006042480469e-01
-1.702105402946472168e-01 2.562712430953979492e-01
-3.299828767776489258e-01 4.347036182880401611e-01
-1.056328296661376953e+00 1.029301762580871582e+00
-1.985100865364074707e+00 1.920248746871948242e+00
-1.618041396141052246e+00 1.706691503524780273e+00
-7.402543723583221436e-02 1.552443802356719971e-01
-9.633223414421081543e-01 1.064784884452819824e+00
-5.879135727882385254e-01 6.080595254898071289e-01
-4.984899163246154785e-01 5.427360534667968750e-01
3.059910058975219727e+00 -2.784751653671264648e+00
-2.601644039154052734e+00 2.566981792449951172e+00
-1.437882781028747559e+00 1.449828624725341797e+00
-6.076611876487731934e-01 4.912115037441253662e-01
6.520515084266662598e-01 -6.198296546936035156e-01
4.325666904449462891e+00 -3.942701101303100586e+00
-2.522929191589355469e+00 2.422227621078491211e+00
4.695794582366943359e+00 -4.320139408111572266e+00
-1.180562853813171387e+00 1.059924006462097168e+00
7.211858630180358887e-01 -6.494793891906738281e-01
-2.087046056985855103e-01 2.634892761707305908e-01
-4.270273447036743164e-01 4.244613945484161377e-01
-2.312978982925415039e+00 2.458436727523803711e+00
-1.806142449378967285e+00 1.690874934196472168e+00
1.571490615606307983e-02 -6.824024766683578491e-02
-1.133904337882995605e+00 1.089934468269348145e+00
7.740493416786193848e-01 -5.680689811706542969e-01
1.317906141281127930e+00 -1.212247014045715332e+00
-1.341397166252136230e+00 1.323960781097412109e+00
-2.125856399536132812e+00 2.029831886291503906e+00
-3.177594661712646484e+00 3.106182336807250977e+00
-4.520900845527648926e-01 5.227028131484985352e-01
8.245920538902282715e-01 -6.931953430175781250e-01
2.007394552230834961e+00 -1.710105061531066895e+00
-1.594224870204925537e-01 1.883704960346221924e-01
2.990868091583251953e+00 -2.758380174636840820e+00
-6.213253736495971680e-01 6.994293928146362305e-01
-5.625274181365966797e-01 6.568365097045898438e-01
1.587568640708923340e+00 -1.422906994819641113e+00
4.648628711700439453e+00 -4.276511669158935547e+00
3.328420162200927734e+00 -2.982235193252563477e+00
8.802815079689025879e-01 -7.945660948753356934e-01
5.803545117378234863e-01 -4.852150380611419678e-01
-4.408488750457763672e+00 4.316961765289306641e+00
3.921123266220092773e+00 -3.767326593399047852e+00
5.126896381378173828e+00 -4.681136608123779297e+00
-1.486434459686279297e+00 1.432600140571594238e+00
-3.820124149322509766e+00 3.710122823715209961e+00
-2.309783220291137695e+00 2.170497655868530273e+00
-2.901067495346069336e+00 2.881697177886962891e+00
1.368180274963378906e+00 -1.092878699302673340e+00
-1.485035300254821777e+00 1.407252669334411621e+00
6.154729127883911133e-01 -5.291090607643127441e-01
5.716506481170654297e+00 -5.178124904632568359e+00
2.971061229705810547e+00 -2.666930437088012695e+00
1.220120549201965332e+00 -8.962702751159667969e-01
3.142055511474609375e+00 -2.849031209945678711e+00
-1.645549893379211426e+00 1.747382283210754395e+00
1.437087416648864746e+00 -1.234499335289001465e+00
3.053745269775390625e+00 -2.708445549011230469e+00
-1.195306420326232910e+00 1.133837461471557617e+00
-4.806180596351623535e-01 5.337189435958862305e-01
-2.865122318267822266e+00 2.783848047256469727e+00
-1.424332857131958008e+00 1.343572854995727539e+00
-1.074740439653396606e-01 2.453639805316925049e-01
4.693340778350830078e+00 -4.347411632537841797e+00
1.938248753547668457e+00 -1.785151600837707520e+00
5.528405308723449707e-01 -3.495228588581085205e-01
-7.254002690315246582e-01 7.078820466995239258e-01
7.021921873092651367e-01 -5.914185047149658203e-01
-6.095854043960571289e-01 7.516092658042907715e-01
-9.115777015686035156e-01 1.074926853179931641e+00
-1.269231677055358887e+00 1.218070983886718750e+00
-4.529148340225219727e-02 1.505304276943206787e-01
1.963539361953735352e+00 -1.634581923484802246e+00
8.381531834602355957e-01 -8.644430041313171387e-01
1.016537785530090332e+00 -8.274774551391601562e-01
-1.325526237487792969e+00 1.209736347198486328e+00
7.413911223411560059e-01 -4.967218935489654541e-01
4.922901630401611328e+00 -4.479161262512207031e+00
-1.438725352287292480e+00 1.437019228935241699e+00
2.725348949432373047e+00 -2.553361654281616211e+00
-2.851780414581298828e+00 2.752867221832275391e+00
1.846779435873031616e-01 -8.014681190252304077e-02
-2.022274255752563477e+00 1.961741566658020020e+00
-4.679245352745056152e-01 4.682371318340301514e-01
-1.943760752677917480e+00 1.976830601692199707e+00
-9.276131987571716309e-01 9.783242940902709961e-01
1.626327157020568848e+00 -1.392557263374328613e+00
6.893343329429626465e-01 -4.816142022609710693e-01
1.805326223373413086e+00 -1.585699677467346191e+00
3.511950492858886719e+00 -3.099183797836303711e+00
-1.197674870491027832e+00 1.197159528732299805e+00
1.795084595680236816e+00 -1.525334715843200684e+00
-1.286052703857421875e+00 1.300998330116271973e+00
2.142560929059982300e-01 -1.989224851131439209e-01
-1.626048207283020020e+00 1.655497431755065918e+00
2.895753145217895508e+00 -2.681684732437133789e+00
-2.997941017150878906e+00 2.912375688552856445e+00
2.955870389938354492e+00 -2.658175230026245117e+00
